%YAML:1.0
cameraMatrix: !!opencv-matrix
   rows: 3
   cols: 3
   dt: d
   data: [ 1.0581108480045248e+03, 0., 9.6702316038271340e+02, 0.,
       1.0591933005396261e+03, 5.3841420405296356e+02, 0., 0., 1. ]
distortionCoefficients: !!opencv-matrix
   rows: 1
   cols: 5
   dt: d
   data: [ 2.7613786655738354e-02, 1.9097591646430469e-02,
       -5.2187723968690652e-04, 7.3100700073192915e-04,
       -4.6817284739325477e-02 ]
rotation: !!opencv-matrix
   rows: 3
   cols: 3
   dt: d
   data: [ 1., 0., 0., 0., 1., 0., 0., 0., 1. ]
projection: !!opencv-matrix
   rows: 4
   cols: 4
   dt: d
   data: [ 1.0581108480045248e+03, 0., 9.6702316038271340e+02, 0., 0.,
       1.0591933005396261e+03, 5.3841420405296356e+02, 0., 0., 0., 1.,
       0., 0., 0., 0., 1. ]
